1 6 773
1 76 956
1 106 1175
1 103 1425
1 37 1678
2 9 237
2 18 766
2 54 1239
3 88 419
3 47 707
3 36 984
3 85 1239
3 48 2216
3 72 3568
3 112 4162
3 30 4360
3 10 4609
3 68 4840
3 58 5055
3 57 5280
3 93 5512
3 29 5790
3 100 6040
3 61 6249
3 66 6471
3 104 6816
3 39 6956
3 26 7233
3 113 7350
3 111 7577
3 114 7800
3 82 8092
3 65 8274
3 20 8477
3 55 8769
3 2 9010
3 32 9240
3 60 9445
3 50 9735
3 75 9972
3 38 10166
3 107 10456
3 96 10706
3 69 10977
3 56 11070
3 108 11433
3 3 11551
3 24 11807
3 86 12161
3 87 12471
3 19 12588
3 97 12999
3 23 13095
3 5 13364
3 110 13710
3 83 14144
3 16 14235
3 98 14334
3 1 14581
3 28 14843
3 115 15075
3 8 15553
3 79 15724
3 40 15944
3 42 16432
3 102 16632
3 89 17028
3 14 17161
4 105 1440
4 51 2105
4 27 2895
4 84 3513
4 101 4090
4 64 4706
4 45 5421
4 34 5985
4 44 6318
4 63 6930
4 33 7510
4 73 7909
4 77 8272
4 7 8640
4 74 9175
4 12 10827
4 90 11321
4 13 11698
4 22 12578
4 17 12817
4 25 13012
4 4 13242
4 94 13463
4 11 13743
